1
12
13
14
15
16
17
18
19
20
21
22
23
24
25
26
27
28
29
30
31
32
33
34
35
36
37
38
39
40
41
42
43
44
45
46
47
48
49
50
51
52
53
54
55
56
57
58
59
60
61
112
122
132
142
152
162
172
182
192
202
273
285
297
309
312
1
12
13
14
15
16
17
18
19
20
21
22
23
24
25
26
27
28
29
30
31
32
33
34
35
36
37
38
39
40
41
42
43
44
45
46
47
48
49
50
51
52
53
54
55
56
57
58
59
60
61
112
122
132
142
152
162
172
182
192
202
272
273
284
285
296
297
308
309
312
313
1
12
13
14
15
16
17
18
19
20
21
22
23
24
25
26
27
28
29
30
31
32
33
34
35
36
37
38
39
40
41
42
43
44
45
46
47
48
49
50
51
52
53
54
55
56
57
58
59
60
61
112
122
132
142
152
162
172
182
192
202
273
285
297
309
312
314
1
12
13
14
15
16
17
18
19
20
21
22
23
24
25
26
27
28
29
30
31
32
33
34
35
36
37
38
39
40
41
42
43
44
45
46
47
48
49
50
51
52
53
54
55
56
57
58
59
60
61
112
122
132
142
152
162
172
182
192
202
271
272
273
283
284
285
295
296
297
307
308
309
312
313
315
1
12
13
14
15
16
17
18
19
20
21
22
23
24
25
26
27
28
29
30
31
32
33
34
35
36
37
38
39
40
41
42
43
44
45
46
47
48
49
50
51
52
53
54
55
56
57
58
59
60
61
112
122
132
142
152
162
172
182
192
202
273
285
297
309
312
316
1
12
13
14
15
16
17
18
19
20
21
22
23
24
25
26
27
28
29
30
31
32
33
34
35
36
37
38
39
40
41
42
43
44
45
46
47
48
49
50
51
52
53
54
55
56
57
58
59
60
61
112
122
132
142
152
162
172
182
192
202
272
273
284
285
296
297
308
309
312
313
314
317
1
12
13
14
15
16
17
18
19
20
21
22
23
24
25
26
27
28
29
30
31
32
33
34
35
36
37
38
39
40
41
42
43
44
45
46
47
48
49
50
51
52
53
54
55
56
57
58
59
60
61
112
122
132
142
152
162
172
182
192
202
273
285
297
309
312
318
1
12
13
14
15
16
17
18
19
20
21
22
23
24
25
26
27
28
29
30
31
32
33
34
35
36
37
38
39
40
41
42
43
44
45
46
47
48
49
50
51
52
53
54
55
56
57
58
59
60
61
112
122
132
142
152
162
172
182
192
202
270
271
272
273
282
283
284
285
294
295
296
297
306
307
308
309
312
313
315
319
1
12
13
14
15
16
17
18
19
20
21
22
23
24
25
26
27
28
29
30
31
32
33
34
35
36
37
38
39
40
41
42
43
44
45
46
47
48
49
50
51
52
53
54
55
56
57
58
59
60
61
112
122
132
142
152
162
172
182
192
202
273
285
297
309
312
314
320
1
12
13
14
15
16
17
18
19
20
21
22
23
24
25
26
27
28
29
30
31
32
33
34
35
36
37
38
39
40
41
42
43
44
45
46
47
48
49
50
51
52
53
54
55
56
57
58
59
60
61
112
122
132
142
152
162
172
182
192
202
272
273
284
285
296
297
308
309
312
313
316
321
1
12
13
14
15
16
17
18
19
20
21
22
23
24
25
26
27
28
29
30
31
32
33
34
35
36
37
38
39
40
41
42
43
44
45
46
47
48
49
50
51
52
53
54
55
56
57
58
59
60
61
112
122
132
142
152
162
172
182
192
202
273
285
297
309
312
322
1
12
13
14
15
16
17
18
19
20
21
22
23
24
25
26
27
28
29
30
31
32
33
34
35
36
37
38
39
40
41
42
43
44
45
46
47
48
49
50
51
52
53
54
55
56
57
58
59
60
61
112
122
132
142
152
162
172
182
192
202
271
272
273
283
284
285
295
296
297
307
308
309
312
313
314
315
317
323
1
12
13
14
15
16
17
18
19
20
21
22
23
24
25
26
27
28
29
30
31
32
33
34
35
36
37
38
39
40
41
42
43
44
45
46
47
48
49
50
51
52
53
54
55
56
57
58
59
60
61
112
122
132
142
152
162
172
182
192
202
273
285
297
309
312
324
2567
1
12
13
14
15
16
17
18
19
20
21
22
23
24
25
26
27
28
29
30
31
32
33
34
35
36
37
38
39
40
41
42
43
44
45
46
47
48
49
50
51
52
53
54
55
56
57
58
59
60
61
112
122
132
142
152
162
172
182
192
202
272
273
284
285
296
297
308
309
312
313
318
325
1
12
13
14
15
16
17
18
19
20
21
22
23
24
25
26
27
28
29
30
31
32
33
34
35
36
37
38
39
40
41
42
43
44
45
46
47
48
49
50
51
52
53
54
55
56
57
58
59
60
61
112
122
132
142
152
162
172
182
192
202
273
285
297
309
312
314
316
326
2061
1
12
13
14
15
16
17
18
19
20
21
22
23
24
25
26
27
28
29
30
31
32
33
34
35
36
37
38
39
40
41
42
43
44
45
46
47
48
49
50
51
52
53
54
55
56
57
58
59
60
61
112
122
132
142
152
162
172
182
192
202
269
270
271
272
273
281
282
283
284
285
293
294
295
296
297
305
306
307
308
309
312
313
315
319
327
1
12
13
14
15
16
17
18
19
20
21
22
23
24
25
26
27
28
29
30
31
32
33
34
35
36
37
38
39
40
41
42
43
44
45
46
47
48
49
50
51
52
53
54
55
56
57
58
59
60
61
112
122
132
142
152
162
172
182
192
202
273
285
297
309
312
328
1
12
13
14
15
16
17
18
19
20
21
22
23
24
25
26
27
28
29
30
31
32
33
34
35
36
37
38
39
40
41
42
43
44
45
46
47
48
49
50
51
52
53
54
55
56
57
58
59
60
61
112
122
132
142
152
162
172
182
192
202
272
273
284
285
296
297
308
309
312
313
314
317
320
329
1
12
13
14
15
16
17
18
19
20
21
22
23
24
25
26
27
28
29
30
31
32
33
34
35
36
37
38
39
40
41
42
43
44
45
46
47
48
49
50
51
52
53
54
55
56
57
58
59
60
61
112
122
132
142
152
162
172
182
192
202
273
285
297
309
312
330
1
12
13
14
15
16
17
18
19
20
21
22
23
24
25
26
27
28
29
30
31
32
33
34
35
36
37
38
39
40
41
42
43
44
45
46
47
48
49
50
51
52
53
54
55
56
57
58
59
60
61
112
122
132
142
152
162
172
182
192
202
271
272
273
283
284
285
295
296
297
307
308
309
312
313
315
316
321
331
1
12
13
14
15
16
17
18
19
20
21
22
23
24
25
26
27
28
29
30
31
32
33
34
35
36
37
38
39
40
41
42
43
44
45
46
47
48
49
50
51
52
53
54
55
56
57
58
59
60
61
112
122
132
142
152
162
172
182
192
202
273
285
297
309
312
314
318
332
1
12
13
14
15
16
17
18
19
20
21
22
23
24
25
26
27
28
29
30
31
32
33
34
35
36
37
38
39
40
41
42
43
44
45
46
47
48
49
50
51
52
53
54
55
56
57
58
59
60
61
112
122
132
142
152
162
172
182
192
202
272
273
284
285
296
297
308
309
312
313
322
333
1
12
13
14
15
16
17
18
19
20
21
22
23
24
25
26
27
28
29
30
31
32
33
34
35
36
37
38
39
40
41
42
43
44
45
46
47
48
49
50
51
52
53
54
55
56
57
58
59
60
61
112
122
132
142
152
162
172
182
192
202
273
285
297
309
312
334
1
12
13
14
15
16
17
18
19
20
21
22
23
24
25
26
27
28
29
30
31
32
33
34
35
36
37
38
39
40
41
42
43
44
45
46
47
48
49
50
51
52
53
54
55
56
57
58
59
60
61
112
122
132
142
152
162
172
182
192
202
270
271
272
273
282
283
284
285
294
295
296
297
306
307
308
309
312
313
314
315
317
319
323
335
1
12
13
14
15
16
17
18
19
20
21
22
23
24
25
26
27
28
29
30
31
32
33
34
35
36
37
38
39
40
41
42
43
44
45
46
47
48
49
50
51
52
53
54
55
56
57
58
59
60
61
112
122
132
142
152
162
172
182
192
202
273
285
297
309
312
316
336
1
12
13
14
15
16
17
18
19
20
21
22
23
24
25
26
27
28
29
30
31
32
33
34
35
36
37
38
39
40
41
42
43
44
45
46
47
48
49
50
51
52
53
54
55
56
57
58
59
60
61
112
122
132
142
152
162
172
182
192
202
272
273
284
285
296
297
308
309
312
313
324
337
2567
1
12
13
14
15
16
17
18
19
20
21
22
23
24
25
26
27
28
29
30
31
32
33
34
35
36
37
38
39
40
41
42
43
44
45
46
47
48
49
50
51
52
53
54
55
56
57
58
59
60
61
112
122
132
142
152
162
172
182
192
202
273
285
297
309
312
314
320
338
969
1
12
13
14
15
16
17
18
19
20
21
22
23
24
25
26
27
28
29
30
31
32
33
34
35
36
37
38
39
40
41
42
43
44
45
46
47
48
49
50
51
52
53
54
55
56
57
58
59
60
61
112
122
132
142
152
162
172
182
192
202
271
272
273
283
284
285
295
296
297
307
308
309
312
313
315
318
325
339
1398
1807
1
12
13
14
15
16
17
18
19
20
21
22
23
24
25
26
27
28
29
30
31
32
33
34
35
36
37
38
39
40
41
42
43
44
45
46
47
48
49
50
51
52
53
54
55
56
57
58
59
60
61
112
122
132
142
152
162
172
182
192
202
273
285
297
309
312
340
1
12
13
14
15
16
17
18
19
20
21
22
23
24
25
26
27
28
29
30
31
32
33
34
35
36
37
38
39
40
41
42
43
44
45
46
47
48
49
50
51
52
53
54
55
56
57
58
59
60
61
112
122
132
142
152
162
172
182
192
202
272
273
284
285
296
297
308
309
312
313
314
316
317
321
326
341
2061
1
12
13
14
15
16
17
18
19
20
21
22
23
24
25
26
27
28
29
30
31
32
33
34
35
36
37
38
39
40
41
42
43
44
45
46
47
48
49
50
51
52
53
54
55
56
57
58
59
60
61
112
122
132
142
152
162
172
182
192
202
273
285
297
309
312
342
1
12
13
14
15
16
17
18
19
20
21
22
23
24
25
26
27
28
29
30
31
32
33
34
35
36
37
38
39
40
41
42
43
44
45
46
47
48
49
50
51
52
53
54
55
56
57
58
59
60
61
112
122
132
142
152
162
172
182
192
202
268
269
270
271
272
273
280
281
282
283
284
285
292
293
294
295
296
297
304
305
306
307
308
309
312
313
315
319
327
343
1
12
13
14
15
16
17
18
19
20
21
22
23
24
25
26
27
28
29
30
31
32
33
34
35
36
37
38
39
40
41
42
43
44
45
46
47
48
49
50
51
52
53
54
55
56
57
58
59
60
61
112
122
132
142
152
162
172
182
192
202
273
285
297
309
312
314
322
344
1
12
13
14
15
16
17
18
19
20
21
22
23
24
25
26
27
28
29
30
31
32
33
34
35
36
37
38
39
40
41
42
43
44
45
46
47
48
49
50
51
52
53
54
55
56
57
58
59
60
61
112
122
132
142
152
162
172
182
192
202
272
273
284
285
296
297
308
309
312
313
328
345
1
12
13
14
15
16
17
18
19
20
21
22
23
24
25
26
27
28
29
30
31
32
33
34
35
36
37
38
39
40
41
42
43
44
45
46
47
48
49
50
51
52
53
54
55
56
57
58
59
60
61
112
122
132
142
152
162
172
182
192
202
273
285
297
309
312
316
318
346
1
12
13
14
15
16
17
18
19
20
21
22
23
24
25
26
27
28
29
30
31
32
33
34
35
36
37
38
39
40
41
42
43
44
45
46
47
48
49
50
51
52
53
54
55
56
57
58
59
60
61
112
122
132
142
152
162
172
182
192
202
271
272
273
283
284
285
295
296
297
307
308
309
312
313
314
315
317
320
323
329
347
1
12
13
14
15
16
17
18
19
20
21
22
23
24
25
26
27
28
29
30
31
32
33
34
35
36
37
38
39
40
41
42
43
44
45
46
47
48
49
50
51
52
53
54
55
56
57
58
59
60
61
112
122
132
142
152
162
172
182
192
202
273
285
297
309
312
348
1
12
13
14
15
16
17
18
19
20
21
22
23
24
25
26
27
28
29
30
31
32
33
34
35
36
37
38
39
40
41
42
43
44
45
46
47
48
49
50
51
52
53
54
55
56
57
58
59
60
61
112
122
132
142
152
162
172
182
192
202
272
273
284
285
296
297
308
309
312
313
330
349
1406
1415
1
12
13
14
15
16
17
18
19
20
21
22
23
24
25
26
27
28
29
30
31
32
33
34
35
36
37
38
39
40
41
42
43
44
45
46
47
48
49
50
51
52
53
54
55
56
57
58
59
60
61
112
122
132
142
152
162
172
182
192
202
273
285
297
309
312
314
324
350
2317
2567
1
12
13
14
15
16
17
18
19
20
21
22
23
24
25
26
27
28
29
30
31
32
33
34
35
36
37
38
39
40
41
42
43
44
45
46
47
48
49
50
51
52
53
54
55
56
57
58
59
60
61
112
122
132
142
152
162
172
182
192
202
270
271
272
273
282
283
284
285
294
295
296
297
306
307
308
309
312
313
315
316
319
321
331
351
1
12
13
14
15
16
17
18
19
20
21
22
23
24
25
26
27
28
29
30
31
32
33
34
35
36
37
38
39
40
41
42
43
44
45
46
47
48
49
50
51
52
53
54
55
56
57
58
59
60
61
112
122
132
142
152
162
172
182
192
202
273
285
297
309
312
352
1
12
13
14
15
16
17
18
19
20
21
22
23
24
25
26
27
28
29
30
31
32
33
34
35
36
37
38
39
40
41
42
43
44
45
46
47
48
49
50
51
52
53
54
55
56
57
58
59
60
61
112
122
132
142
152
162
172
182
192
202
272
273
284
285
296
297
308
309
312
313
314
317
318
325
332
353
1
12
13
14
15
16
17
18
19
20
21
22
23
24
25
26
27
28
29
30
31
32
33
34
35
36
37
38
39
40
41
42
43
44
45
46
47
48
49
50
51
52
53
54
55
56
57
58
59
60
61
112
122
132
142
152
162
172
182
192
202
273
285
297
309
312
354
1
12
13
14
15
16
17
18
19
20
21
22
23
24
25
26
27
28
29
30
31
32
33
34
35
36
37
38
39
40
41
42
43
44
45
46
47
48
49
50
51
52
53
54
55
56
57
58
59
60
61
112
122
132
142
152
162
172
182
192
202
271
272
273
283
284
285
295
296
297
307
308
309
312
313
315
322
333
355
1
12
13
14
15
16
17
18
19
20
21
22
23
24
25
26
27
28
29
30
31
32
33
34
35
36
37
38
39
40
41
42
43
44
45
46
47
48
49
50
51
52
53
54
55
56
57
58
59
60
61
112
122
132
142
152
162
172
182
192
202
273
285
297
309
312
314
316
320
326
356
2061
1
12
13
14
15
16
17
18
19
20
21
22
23
24
25
26
27
28
29
30
31
32
33
34
35
36
37
38
39
40
41
42
43
44
45
46
47
48
49
50
51
52
53
54
55
56
57
58
59
60
61
112
122
132
142
152
162
172
182
192
202
272
273
284
285
296
297
308
309
312
313
334
357
1
12
13
14
15
16
17
18
19
20
21
22
23
24
25
26
27
28
29
30
31
32
33
34
35
36
37
38
39
40
41
42
43
44
45
46
47
48
49
50
51
52
53
54
55
56
57
58
59
60
61
112
122
132
142
152
162
172
182
192
202
273
285
297
309
312
358
1373
1
12
13
14
15
16
17
18
19
20
21
22
23
24
25
26
27
28
29
30
31
32
33
34
35
36
37
38
39
40
41
42
43
44
45
46
47
48
49
50
51
52
53
54
55
56
57
58
59
60
61
112
122
132
142
152
162
172
182
192
202
269
270
271
272
273
281
282
283
284
285
293
294
295
296
297
305
306
307
308
309
312
313
314
315
317
319
323
327
335
359
1
12
13
14
15
16
17
18
19
20
21
22
23
24
25
26
27
28
29
30
31
32
33
34
35
36
37
38
39
40
41
42
43
44
45
46
47
48
49
50
51
52
53
54
55
56
57
58
59
60
61
112
122
132
142
152
162
172
182
192
202
273
285
297
309
312
318
360
2625
1
12
13
14
15
16
17
18
19
20
21
22
23
24
25
26
27
28
29
30
31
32
33
34
35
36
37
38
39
40
41
42
43
44
45
46
47
48
49
50
51
52
53
54
55
56
57
58
59
60
61
112
122
132
142
152
162
172
182
192
202
272
273
284
285
296
297
308
309
312
313
316
321
336
361
1
12
13
14
15
16
17
18
19
20
21
22
23
24
25
26
27
28
29
30
31
32
33
34
35
36
37
38
39
40
41
42
43
44
45
46
47
48
49
50
51
52
53
54
55
56
57
58
59
60
61
112
122
132
142
152
162
172
182
192
202
273
285
297
309
312
314
328
362
1
12
13
14
15
16
17
18
19
20
21
22
23
24
25
26
27
28
29
30
31
32
33
34
35
36
37
38
39
40
41
42
43
44
45
46
47
48
49
50
51
52
53
54
55
56
57
58
59
60
61
112
122
132
142
152
162
172
182
192
202
271
272
273
283
284
285
295
296
297
307
308
309
312
313
315
324
337
363
2567
1
12
13
14
15
16
17
18
19
20
21
22
23
24
25
26
27
28
29
30
31
32
33
34
35
36
37
38
39
40
41
42
43
44
45
46
47
48
49
50
51
52
53
54
55
56
57
58
59
60
61
112
122
132
142
152
162
172
182
192
202
273
285
297
309
312
364
1
12
13
14
15
16
17
18
19
20
21
22
23
24
25
26
27
28
29
30
31
32
33
34
35
36
37
38
39
40
41
42
43
44
45
46
47
48
49
50
51
52
53
54
55
56
57
58
59
60
61
112
122
132
142
152
162
172
182
192
202
272
273
284
285
296
297
308
309
312
313
314
317
320
329
338
365
969
1
12
13
14
15
16
17
18
19
20
21
22
23
24
25
26
27
28
29
30
31
32
33
34
35
36
37
38
39
40
41
42
43
44
45
46
47
48
49
50
51
52
53
54
55
56
57
58
59
60
61
112
122
132
142
152
162
172
182
192
202
273
285
297
309
312
316
322
366
1
12
13
14
15
16
17
18
19
20
21
22
23
24
25
26
27
28
29
30
31
32
33
34
35
36
37
38
39
40
41
42
43
44
45
46
47
48
49
50
51
52
53
54
55
56
57
58
59
60
61
112
122
132
142
152
162
172
182
192
202
270
271
272
273
282
283
284
285
294
295
296
297
306
307
308
309
312
313
315
318
319
325
339
367
1398
1807
1
12
13
14
15
16
17
18
19
20
21
22
23
24
25
26
27
28
29
30
31
32
33
34
35
36
37
38
39
40
41
42
43
44
45
46
47
48
49
50
51
52
53
54
55
56
57
58
59
60
61
112
122
132
142
152
162
172
182
192
202
273
285
297
309
312
314
330
368
1
12
13
14
15
16
17
18
19
20
21
22
23
24
25
26
27
28
29
30
31
32
33
34
35
36
37
38
39
40
41
42
43
44
45
46
47
48
49
50
51
52
53
54
55
56
57
58
59
60
61
112
122
132
142
152
162
172
182
192
202
272
273
284
285
296
297
308
309
312
313
340
369
1255
1
12
13
14
15
16
17
18
19
20
21
22
23
24
25
26
27
28
29
30
31
32
33
34
35
36
37
38
39
40
41
42
43
44
45
46
47
48
49
50
51
52
53
54
55
56
57
58
59
60
61
112
122
132
142
152
162
172
182
192
202
273
285
297
309
312
370
1
12
13
14
15
16
17
18
19
20
21
22
23
24
25
26
27
28
29
30
31
32
33
34
35
36
37
38
39
40
41
42
43
44
45
46
47
48
49
50
51
52
53
54
55
56
57
58
59
60
61
112
122
132
142
152
162
172
182
192
202
271
272
273
283
284
285
295
296
297
307
308
309
312
313
314
315
316
317
321
323
326
331
341
371
2061
1
12
13
14
15
16
17
18
19
20
21
22
23
24
25
26
27
28
29
30
31
32
33
34
35
36
37
38
39
40
41
42
43
44
45
46
47
48
49
50
51
52
53
54
55
56
57
58
59
60
61
112
122
132
142
152
162
172
182
192
202
273
285
297
309
312
372
1
12
13
14
15
16
17
18
19
20
21
22
23
24
25
26
27
28
29
30
31
32
33
34
35
36
37
38
39
40
41
42
43
44
45
46
47
48
49
50
51
52
53
54
55
56
57
58
59
60
61
112
122
132
142
152
162
172
182
192
202
272
273
284
285
296
297
308
309
312
313
342
373
1
12
13
14
15
16
17
18
19
20
21
22
23
24
25
26
27
28
29
30
31
32
33
34
35
36
37
38
39
40
41
42
43
44
45
46
47
48
49
50
51
52
53
54
55
56
57
58
59
60
61
112
122
132
142
152
162
172
182
192
202
273
285
297
309
312
314
318
320
332
374
2553
1
12
13
14
15
16
17
18
19
20
21
22
23
24
25
26
27
28
29
30
31
32
33
34
35
36
37
38
39
40
41
42
43
44
45
46
47
48
49
50
51
52
53
54
55
56
57
58
59
60
61
112
122
132
142
152
162
172
182
192
202
267
268
269
270
271
272
273
279
280
281
282
283
284
285
291
292
293
294
295
296
297
303
304
305
306
307
308
309
312
313
315
319
327
343
375
1
12
13
14
15
16
17
18
19
20
21
22
23
24
25
26
27
28
29
30
31
32
33
34
35
36
37
38
39
40
41
42
43
44
45
46
47
48
49
50
51
52
53
54
55
56
57
58
59
60
61
112
122
132
142
152
162
172
182
192
202
273
285
297
309
312
316
324
376
1085
1852
2567
1
12
13
14
15
16
17
18
19
20
21
22
23
24
25
26
27
28
29
30
31
32
33
34
35
36
37
38
39
40
41
42
43
44
45
46
47
48
49
50
51
52
53
54
55
56
57
58
59
60
61
112
122
132
142
152
162
172
182
192
202
272
273
284
285
296
297
308
309
312
313
314
317
322
333
344
377
1
12
13
14
15
16
17
18
19
20
21
22
23
24
25
26
27
28
29
30
31
32
33
34
35
36
37
38
39
40
41
42
43
44
45
46
47
48
49
50
51
52
53
54
55
56
57
58
59
60
61
112
122
132
142
152
162
172
182
192
202
273
285
297
309
312
378
1593
1
12
13
14
15
16
17
18
19
20
21
22
23
24
25
26
27
28
29
30
31
32
33
34
35
36
37
38
39
40
41
42
43
44
45
46
47
48
49
50
51
52
53
54
55
56
57
58
59
60
61
112
122
132
142
152
162
172
182
192
202
271
272
273
283
284
285
295
296
297
307
308
309
312
313
315
328
345
379
1
12
13
14
15
16
17
18
19
20
21
22
23
24
25
26
27
28
29
30
31
32
33
34
35
36
37
38
39
40
41
42
43
44
45
46
47
48
49
50
51
52
53
54
55
56
57
58
59
60
61
112
122
132
142
152
162
172
182
192
202
273
285
297
309
312
314
334
380
1883
1
12
13
14
15
16
17
18
19
20
21
22
23
24
25
26
27
28
29
30
31
32
33
34
35
36
37
38
39
40
41
42
43
44
45
46
47
48
49
50
51
52
53
54
55
56
57
58
59
60
61
112
122
132
142
152
162
172
182
192
202
272
273
284
285
296
297
308
309
312
313
316
318
321
325
346
381
1
12
13
14
15
16
17
18
19
20
21
22
23
24
25
26
27
28
29
30
31
32
33
34
35
36
37
38
39
40
41
42
43
44
45
46
47
48
49
50
51
52
53
54
55
56
57
58
59
60
61
112
122
132
142
152
162
172
182
192
202
273
285
297
309
312
382
1220
1
12
13
14
15
16
17
18
19
20
21
22
23
24
25
26
27
28
29
30
31
32
33
34
35
36
37
38
39
40
41
42
43
44
45
46
47
48
49
50
51
52
53
54
55
56
57
58
59
60
61
112
122
132
142
152
162
172
182
192
202
270
271
272
273
282
283
284
285
294
295
296
297
306
307
308
309
312
313
314
315
317
319
320
323
329
335
347
383
1
12
13
14
15
16
17
18
19
20
21
22
23
24
25
26
27
28
29
30
31
32
33
34
35
36
37
38
39
40
41
42
43
44
45
46
47
48
49
50
51
52
53
54
55
56
57
58
59
60
61
112
122
132
142
152
162
172
182
192
202
273
285
297
309
312
384
1
12
13
14
15
16
17
18
19
20
21
22
23
24
25
26
27
28
29
30
31
32
33
34
35
36
37
38
39
40
41
42
43
44
45
46
47
48
49
50
51
52
53
54
55
56
57
58
59
60
61
112
122
132
142
152
162
172
182
192
202
272
273
284
285
296
297
308
309
312
313
348
385
1
12
13
14
15
16
17
18
19
20
21
22
23
24
25
26
27
28
29
30
31
32
33
34
35
36
37
38
39
40
41
42
43
44
45
46
47
48
49
50
51
52
53
54
55
56
57
58
59
60
61
112
122
132
142
152
162
172
182
192
202
273
285
297
309
312
314
316
326
336
386
2061
1
12
13
14
15
16
17
18
19
20
21
22
23
24
25
26
27
28
29
30
31
32
33
34
35
36
37
38
39
40
41
42
43
44
45
46
47
48
49
50
51
52
53
54
55
56
57
58
59
60
61
112
122
132
142
152
162
172
182
192
202
271
272
273
283
284
285
295
296
297
307
308
309
312
313
315
330
349
387
1406
1415
1
12
13
14
15
16
17
18
19
20
21
22
23
24
25
26
27
28
29
30
31
32
33
34
35
36
37
38
39
40
41
42
43
44
45
46
47
48
49
50
51
52
53
54
55
56
57
58
59
60
61
112
122
132
142
152
162
172
182
192
202
273
285
297
309
312
318
322
388
1
12
13
14
15
16
17
18
19
20
21
22
23
24
25
26
27
28
29
30
31
32
33
34
35
36
37
38
39
40
41
42
43
44
45
46
47
48
49
50
51
52
53
54
55
56
57
58
59
60
61
112
122
132
142
152
162
172
182
192
202
272
273
284
285
296
297
308
309
312
313
314
317
324
337
350
389
2317
2567
1
12
13
14
15
16
17
18
19
20
21
22
23
24
25
26
27
28
29
30
31
32
33
34
35
36
37
38
39
40
41
42
43
44
45
46
47
48
49
50
51
52
53
54
55
56
57
58
59
60
61
112
122
132
142
152
162
172
182
192
202
273
285
297
309
312
390
1
12
13
14
15
16
17
18
19
20
21
22
23
24
25
26
27
28
29
30
31
32
33
34
35
36
37
38
39
40
41
42
43
44
45
46
47
48
49
50
51
52
53
54
55
56
57
58
59
60
61
112
122
132
142
152
162
172
182
192
202
269
270
271
272
273
281
282
283
284
285
293
294
295
296
297
305
306
307
308
309
312
313
315
316
319
321
327
331
351
391
1
12
13
14
15
16
17
18
19
20
21
22
23
24
25
26
27
28
29
30
31
32
33
34
35
36
37
38
39
40
41
42
43
44
45
46
47
48
49
50
51
52
53
54
55
56
57
58
59
60
61
112
122
132
142
152
162
172
182
192
202
273
285
297
309
312
314
320
338
392
969
1
12
13
14
15
16
17
18
19
20
21
22
23
24
25
26
27
28
29
30
31
32
33
34
35
36
37
38
39
40
41
42
43
44
45
46
47
48
49
50
51
52
53
54
55
56
57
58
59
60
61
112
122
132
142
152
162
172
182
192
202
272
273
284
285
296
297
308
309
312
313
352
393
1
12
13
14
15
16
17
18
19
20
21
22
23
24
25
26
27
28
29
30
31
32
33
34
35
36
37
38
39
40
41
42
43
44
45
46
47
48
49
50
51
52
53
54
55
56
57
58
59
60
61
112
122
132
142
152
162
172
182
192
202
273
285
297
309
312
394
1
12
13
14
15
16
17
18
19
20
21
22
23
24
25
26
27
28
29
30
31
32
33
34
35
36
37
38
39
40
41
42
43
44
45
46
47
48
49
50
51
52
53
54
55
56
57
58
59
60
61
112
122
132
142
152
162
172
182
192
202
271
272
273
283
284
285
295
296
297
307
308
309
312
313
314
315
317
318
323
325
332
339
353
395
1398
1807
1
12
13
14
15
16
17
18
19
20
21
22
23
24
25
26
27
28
29
30
31
32
33
34
35
36
37
38
39
40
41
42
43
44
45
46
47
48
49
50
51
52
53
54
55
56
57
58
59
60
61
112
122
132
142
152
162
172
182
192
202
273
285
297
309
312
316
328
396
1
12
13
14
15
16
17
18
19
20
21
22
23
24
25
26
27
28
29
30
31
32
33
34
35
36
37
38
39
40
41
42
43
44
45
46
47
48
49
50
51
52
53
54
55
56
57
58
59
60
61
112
122
132
142
152
162
172
182
192
202
272
273
284
285
296
297
308
309
312
313
354
397
1
12
13
14
15
16
17
18
19
20
21
22
23
24
25
26
27
28
29
30
31
32
33
34
35
36
37
38
39
40
41
42
43
44
45
46
47
48
49
50
51
52
53
54
55
56
57
58
59
60
61
112
122
132
142
152
162
172
182
192
202
273
285
297
309
312
314
340
398
1
12
13
14
15
16
17
18
19
20
21
22
23
24
25
26
27
28
29
30
31
32
33
34
35
36
37
38
39
40
41
42
43
44
45
46
47
48
49
50
51
52
53
54
55
56
57
58
59
60
61
112
122
132
142
152
162
172
182
192
202
270
271
272
273
282
283
284
285
294
295
296
297
306
307
308
309
312
313
315
319
322
333
355
399
1
12
13
14
15
16
17
18
19
20
21
22
23
24
25
26
27
28
29
30
31
32
33
34
35
36
37
38
39
40
41
42
43
44
45
46
47
48
49
50
51
52
53
54
55
56
57
58
59
60
61
112
122
132
142
152
162
172
182
192
202
273
285
297
309
312
400
1
12
13
14
15
16
17
18
19
20
21
22
23
24
25
26
27
28
29
30
31
32
33
34
35
36
37
38
39
40
41
42
43
44
45
46
47
48
49
50
51
52
53
54
55
56
57
58
59
60
61
112
122
132
142
152
162
172
182
192
202
272
273
284
285
296
297
308
309
312
313
314
316
317
320
321
326
329
341
356
401
1217
2061
1
12
13
14
15
16
17
18
19
20
21
22
23
24
25
26
27
28
29
30
31
32
33
34
35
36
37
38
39
40
41
42
43
44
45
46
47
48
49
50
51
52
53
54
55
56
57
58
59
60
61
112
122
132
142
152
162
172
182
192
202
273
285
297
309
312
318
324
402
2567
1
12
13
14
15
16
17
18
19
20
21
22
23
24
25
26
27
28
29
30
31
32
33
34
35
36
37
38
39
40
41
42
43
44
45
46
47
48
49
50
51
52
53
54
55
56
57
58
59
60
61
112
122
132
142
152
162
172
182
192
202
271
272
273
283
284
285
295
296
297
307
308
309
312
313
315
334
357
403
1
12
13
14
15
16
17
18
19
20
21
22
23
24
25
26
27
28
29
30
31
32
33
34
35
36
37
38
39
40
41
42
43
44
45
46
47
48
49
50
51
52
53
54
55
56
57
58
59
60
61
112
122
132
142
152
162
172
182
192
202
273
285
297
309
312
314
342
404
1
12
13
14
15
16
17
18
19
20
21
22
23
24
25
26
27
28
29
30
31
32
33
34
35
36
37
38
39
40
41
42
43
44
45
46
47
48
49
50
51
52
53
54
55
56
57
58
59
60
61
112
122
132
142
152
162
172
182
192
202
272
273
284
285
296
297
308
309
312
313
358
405
1373
2778
1
12
13
14
15
16
17
18
19
20
21
22
23
24
25
26
27
28
29
30
31
32
33
34
35
36
37
38
39
40
41
42
43
44
45
46
47
48
49
50
51
52
53
54
55
56
57
58
59
60
61
112
122
132
142
152
162
172
182
192
202
273
285
297
309
312
316
330
406
1
12
13
14
15
16
17
18
19
20
21
22
23
24
25
26
27
28
29
30
31
32
33
34
35
36
37
38
39
40
41
42
43
44
45
46
47
48
49
50
51
52
53
54
55
56
57
58
59
60
61
112
122
132
142
152
162
172
182
192
202
268
269
270
271
272
273
280
281
282
283
284
285
292
293
294
295
296
297
304
305
306
307
308
309
312
313
314
315
317
319
323
327
335
343
359
407
1
12
13
14
15
16
17
18
19
20
21
22
23
24
25
26
27
28
29
30
31
32
33
34
35
36
37
38
39
40
41
42
43
44
45
46
47
48
49
50
51
52
53
54
55
56
57
58
59
60
61
112
122
132
142
152
162
172
182
192
202
273
285
297
309
312
408
1
12
13
14
15
16
17
18
19
20
21
22
23
24
25
26
27
28
29
30
31
32
33
34
35
36
37
38
39
40
41
42
43
44
45
46
47
48
49
50
51
52
53
54
55
56
57
58
59
60
61
112
122
132
142
152
162
172
182
192
202
272
273
284
285
296
297
308
309
312
313
318
325
360
409
2625
1
12
13
14
15
16
17
18
19
20
21
22
23
24
25
26
27
28
29
30
31
32
33
34
35
36
37
38
39
40
41
42
43
44
45
46
47
48
49
50
51
52
53
54
55
56
57
58
59
60
61
112
122
132
142
152
162
172
182
192
202
273
285
297
309
312
314
320
322
344
410
1
2
3
4
5
6
7
8
9
10
11
12
13
14
15
16
17
18
19
20
21
22
23
24
25
26
27
28
29
30
31
32
33
34
35
36
37
38
39
40
41
42
43
44
45
46
47
48
49
50
51
52
53
54
55
56
57
58
59
60
61
112
117
122
127
132
137
142
147
152
157
162
167
172
177
182
187
192
197
202
207
271
272
273
283
284
285
295
296
297
307
308
309
312
313
315
316
321
331
336
361
411
1
12
13
14
15
16
17
18
19
20
21
22
23
24
25
26
27
28
29
30
31
32
33
34
35
36
37
38
39
40
41
42
43
44
45
46
47
48
49
50
51
52
53
54
55
56
57
58
59
60
61
112
122
132
142
152
162
172
182
192
202
273
285
297
309
312
1
12
13
14
15
16
17
18
19
20
21
22
23
24
25
26
27
28
29
30
31
32
33
34
35
36
37
38
39
40
41
42
43
44
45
46
47
48
49
50
51
52
53
54
55
56
57
58
59
60
61
112
122
132
142
152
162
172
182
192
202
272
273
284
285
296
297
308
309
312
313
314
317
328
345
362
1
12
13
14
15
16
17
18
19
20
21
22
23
24
25
26
27
28
29
30
31
32
33
34
35
36
37
38
39
40
41
42
43
44
45
46
47
48
49
50
51
52
53
54
55
56
57
58
59
60
61
112
122
132
142
152
162
172
182
192
202
273
285
297
309
312
1
12
13
14
15
16
17
18
19
20
21
22
23
24
25
26
27
28
29
30
31
32
33
34
35
36
37
38
39
40
41
42
43
44
45
46
47
48
49
50
51
52
53
54
55
56
57
58
59
60
61
112
122
132
142
152
162
172
182
192
202
270
271
272
273
282
283
284
285
294
295
296
297
306
307
308
309
312
313
315
319
324
337
363
2567
1
12
13
14
15
16
17
18
19
20
21
22
23
24
25
26
27
28
29
30
31
32
33
34
35
36
37
38
39
40
41
42
43
44
45
46
47
48
49
50
51
52
53
54
55
56
57
58
59
60
61
112
122
132
142
152
162
172
182
192
202
273
285
297
309
312
314
316
318
326
332
346
2061
1
12
13
14
15
16
17
18
19
20
21
22
23
24
25
26
27
28
29
30
31
32
33
34
35
36
37
38
39
40
41
42
43
44
45
46
47
48
49
50
51
52
53
54
55
56
57
58
59
60
61
112
122
132
142
152
162
172
182
192
202
272
273
284
285
296
297
308
309
312
313
364
1
12
13
14
15
16
17
18
19
20
21
22
23
24
25
26
27
28
29
30
31
32
33
34
35
36
37
38
39
40
41
42
43
44
45
46
47
48
49
50
51
52
53
54
55
56
57
58
59
60
61
112
122
132
142
152
162
172
182
192
202
273
285
297
309
312
1
12
13
14
15
16
17
18
19
20
21
22
23
24
25
26
27
28
29
30
31
32
33
34
35
36
37
38
39
40
41
42
43
44
45
46
47
48
49
50
51
52
53
54
55
56
57
58
59
60
61
112
122
132
142
152
162
172
182
192
202
271
272
273
283
284
285
295
296
297
307
308
309
312
313
314
315
317
320
323
329
338
347
365
969
1
12
13
14
15
16
17
18
19
20
21
22
23
24
25
26
27
28
29
30
31
32
33
34
35
36
37
38
39
40
41
42
43
44
45
46
47
48
49
50
51
52
53
54
55
56
57
58
59
60
61
112
122
132
142
152
162
172
182
192
202
273
285
297
309
312
1
12
13
14
15
16
17
18
19
20
21
22
23
24
25
26
27
28
29
30
31
32
33
34
35
36
37
38
39
40
41
42
43
44
45
46
47
48
49
50
51
52
53
54
55
56
57
58
59
60
61
112
122
132
142
152
162
172
182
192
202
272
273
284
285
296
297
308
309
312
313
316
321
322
333
366
1
12
13
14
15
16
17
18
19
20
21
22
23
24
25
26
27
28
29
30
31
32
33
34
35
36
37
38
39
40
41
42
43
44
45
46
47
48
49
50
51
52
53
54
55
56
57
58
59
60
61
112
122
132
142
152
162
172
182
192
202
273
285
297
309
312
314
348
1
12
13
14
15
16
17
18
19
20
21
22
23
24
25
26
27
28
29
30
31
32
33
34
35
36
37
38
39
40
41
42
43
44
45
46
47
48
49
50
51
52
53
54
55
56
57
58
59
60
61
112
122
132
142
152
162
172
182
192
202
269
270
271
272
273
281
282
283
284
285
293
294
295
296
297
305
306
307
308
309
312
313
315
318
319
325
327
339
367
1398
1807
1
12
13
14
15
16
17
18
19
20
21
22
23
24
25
26
27
28
29
30
31
32
33
34
35
36
37
38
39
40
41
42
43
44
45
46
47
48
49
50
51
52
53
54
55
56
57
58
59
60
61
112
122
132
142
152
162
172
182
192
202
273
285
297
309
312
1
12
13
14
15
16
17
18
19
20
21
22
23
24
25
26
27
28
29
30
31
32
33
34
35
36
37
38
39
40
41
42
43
44
45
46
47
48
49
50
51
52
53
54
55
56
57
58
59
60
61
112
122
132
142
152
162
172
182
192
202
272
273
284
285
296
297
308
309
312
313
314
317
330
349
368
1406
1415
1
12
13
14
15
16
17
18
19
20
21
22
23
24
25
26
27
28
29
30
31
32
33
34
35
36
37
38
39
40
41
42
43
44
45
46
47
48
49
50
51
52
53
54
55
56
57
58
59
60
61
112
122
132
142
152
162
172
182
192
202
273
285
297
309
312
316
334
1
12
13
14
15
16
17
18
19
20
21
22
23
24
25
26
27
28
29
30
31
32
33
34
35
36
37
38
39
40
41
42
43
44
45
46
47
48
49
50
51
52
53
54
55
56
57
58
59
60
61
112
122
132
142
152
162
172
182
192
202
271
272
273
283
284
285
295
296
297
307
308
309
312
313
315
340
369
1255
1
12
13
14
15
16
17
18
19
20
21
22
23
24
25
26
27
28
29
30
31
32
33
34
35
36
37
38
39
40
41
42
43
44
45
46
47
48
49
50
51
52
53
54
55
56
57
58
59
60
61
112
122
132
142
152
162
172
182
192
202
273
285
297
309
312
314
320
324
350
2317
2567
1
12
13
14
15
16
17
18
19
20
21
22
23
24
25
26
27
28
29
30
31
32
33
34
35
36
37
38
39
40
41
42
43
44
45
46
47
48
49
50
51
52
53
54
55
56
57
58
59
60
61
112
122
132
142
152
162
172
182
192
202
272
273
284
285
296
297
308
309
312
313
370
1
12
13
14
15
16
17
18
19
20
21
22
23
24
25
26
27
28
29
30
31
32
33
34
35
36
37
38
39
40
41
42
43
44
45
46
47
48
49
50
51
52
53
54
55
56
57
58
59
60
61
112
122
132
142
152
162
172
182
192
202
273
285
297
309
312
318
328
1
12
13
14
15
16
17
18
19
20
21
22
23
24
25
26
27
28
29
30
31
32
33
34
35
36
37
38
39
40
41
42
43
44
45
46
47
48
49
50
51
52
53
54
55
56
57
58
59
60
61
112
122
132
142
152
162
172
182
192
202
270
271
272
273
282
283
284
285
294
295
296
297
306
307
308
309
312
313
314
315
316
317
319
321
323
326
331
335
341
351
371
2061
1
12
13
14
15
16
17
18
19
20
21
22
23
24
25
26
27
28
29
30
31
32
33
34
35
36
37
38
39
40
41
42
43
44
45
46
47
48
49
50
51
52
53
54
55
56
57
58
59
60
61
112
122
132
142
152
162
172
182
192
202
273
285
297
309
312
322
1
12
13
14
15
16
17
18
19
20
21
22
23
24
25
26
27
28
29
30
31
32
33
34
35
36
37
38
39
40
41
42
43
44
45
46
47
48
49
50
51
52
53
54
55
56
57
58
59
60
61
112
122
132
142
152
162
172
182
192
202
272
273
284
285
296
297
308
309
312
313
372
1
12
13
14
15
16
17
18
19
20
21
22
23
24
25
26
27
28
29
30
31
32
33
34
35
36
37
38
39
40
41
42
43
44
45
46
47
48
49
50
51
52
53
54
55
56
57
58
59
60
61
112
122
132
142
152
162
172
182
192
202
273
285
297
309
312
314
352
1
12
13
14
15
16
17
18
19
20
21
22
23
24
25
26
27
28
29
30
31
32
33
34
35
36
37
38
39
40
41
42
43
44
45
46
47
48
49
50
51
52
53
54
55
56
57
58
59
60
61
112
122
132
142
152
162
172
182
192
202
271
272
273
283
284
285
295
296
297
307
308
309
312
313
315
342
373
1
12
13
14
15
16
17
18
19
20
21
22
23
24
25
26
27
28
29
30
31
32
33
34
35
36
37
38
39
40
41
42
43
44
45
46
47
48
49
50
51
52
53
54
55
56
57
58
59
60
61
112
122
132
142
152
162
172
182
192
202
273
285
297
309
312
316
336
1
12
13
14
15
16
17
18
19
20
21
22
23
24
25
26
27
28
29
30
31
32
33
34
35
36
37
38
39
40
41
42
43
44
45
46
47
48
49
50
51
52
53
54
55
56
57
58
59
60
61
112
122
132
142
152
162
172
182
192
202
272
273
284
285
296
297
308
309
312
313
314
317
318
320
325
329
332
353
374
2553
1
12
13
14
15
16
17
18
19
20
21
22
23
24
25
26
27
28
29
30
31
32
33
34
35
36
37
38
39
40
41
42
43
44
45
46
47
48
49
50
51
52
53
54
55
56
57
58
59
60
61
112
122
132
142
152
162
172
182
192
202
273
285
297
309
312
1
12
13
14
15
16
17
18
19
20
21
22
23
24
25
26
27
28
29
30
31
32
33
34
35
36
37
38
39
40
41
42
43
44
45
46
47
48
49
50
51
52
53
54
55
56
57
58
59
60
61
112
122
132
142
152
162
172
182
192
202
266
267
268
269
270
271
272
273
278
279
280
281
282
283
284
285
290
291
292
293
294
295
296
297
302
303
304
305
306
307
308
309
312
313
315
319
327
343
375
1
12
13
14
15
16
17
18
19
20
21
22
23
24
25
26
27
28
29
30
31
32
33
34
35
36
37
38
39
40
41
42
43
44
45
46
47
48
49
50
51
52
53
54
55
56
57
58
59
60
61
112
122
132
142
152
162
172
182
192
202
273
285
297
309
312
314
354
1
12
13
14
15
16
17
18
19
20
21
22
23
24
25
26
27
28
29
30
31
32
33
34
35
36
37
38
39
40
41
42
43
44
45
46
47
48
49
50
51
52
53
54
55
56
57
58
59
60
61
112
122
132
142
152
162
172
182
192
202
272
273
284
285
296
297
308
309
312
313
316
321
324
337
376
1085
1321
1852
2567
2984
1
12
13
14
15
16
17
18
19
20
21
22
23
24
25
26
27
28
29
30
31
32
33
34
35
36
37
38
39
40
41
42
43
44
45
46
47
48
49
50
51
52
53
54
55
56
57
58
59
60
61
112
122
132
142
152
162
172
182
192
202
273
285
297
309
312
1
12
13
14
15
16
17
18
19
20
21
22
23
24
25
26
27
28
29
30
31
32
33
34
35
36
37
38
39
40
41
42
43
44
45
46
47
48
49
50
51
52
53
54
55
56
57
58
59
60
61
112
122
132
142
152
162
172
182
192
202
271
272
273
283
284
285
295
296
297
307
308
309
312
313
314
315
317
322
323
333
344
355
377
2106
1
12
13
14
15
16
17
18
19
20
21
22
23
24
25
26
27
28
29
30
31
32
33
34
35
36
37
38
39
40
41
42
43
44
45
46
47
48
49
50
51
52
53
54
55
56
57
58
59
60
61
112
122
132
142
152
162
172
182
192
202
273
285
297
309
312
318
330
1
12
13
14
15
16
17
18
19
20
21
22
23
24
25
26
27
28
29
30
31
32
33
34
35
36
37
38
39
40
41
42
43
44
45
46
47
48
49
50
51
52
53
54
55
56
57
58
59
60
61
112
122
132
142
152
162
172
182
192
202
272
273
284
285
296
297
308
309
312
313
378
1593
1
12
13
14
15
16
17
18
19
20
21
22
23
24
25
26
27
28
29
30
31
32
33
34
35
36
37
38
39
40
41
42
43
44
45
46
47
48
49
50
51
