1125
1125
1125
1125
2080
1125
1022
1125
1078
1125
80
1125
2080
1125
1125
1022
1125
2421
2796
1125
1125
2080
1078
1125
80
1894
1125
1022
1125
203
1125
935
2080
2695
1125
1125
1125
128
1057
1078
1125
1022
2401
2080
80
1125
2421
2796
1125
1125
2129
643
1125
386
689
1125
2080
238
1022
2012
1125
1078
1125
1125
80
1509
1894
1125
1913
2080
1125
2363
183
2071
1022
1125
1125
203
1125
2421
2796
935
2080
2695
1078
1125
2524
1125
628
80
1125
237
1022
623
1125
1945
2417
1125
2080
972
1125
2771
458
1125
128
1057
1078
1125
1022
2401
1125
2080
80
1125
1894
1125
2101
2421
2796
1125
755
1125
392
2080
1022
1125
2129
2665
643
1078
1125
203
1125
386
1125
80
689
935
1125
2080
2695
2759
521
1125
238
1022
2012
2767
369
1125
1819
1125
640
2454
1078
1125
2080
2088
2421
2796
1125
2963
1125
80
1022
1509
1894
1125
58
1125
1913
2080
1125
128
1125
2363
1057
1078
1125
183
2071
1022
1125
2401
1125
2080
80
1125
1064
203
1125
1868
1125
2421
2796
1125
935
1022
2080
2695
1078
1125
1113
1125
1409
2524
1125
2129
628
643
1125
80
1894
2080
1125
237
564
1022
1125
947
386
623
1125
1945
2417
257
689
1078
1125
713
1125
2080
1125
2421
2796
238
972
1022
1125
2012
80
2771
1125
458
1125
1545
2080
2858
128
1125
203
1057
1078
1125
1125
1022
2401
1125
935
2080
2695
1125
2048
80
1125
1509
1894
1125
1125
1481
1913
1022
2101
2421
2796
1078
1125
2080
248
1125
1881
1125
517
755
1125
2363
550
183
1125
2071
80
392
2080
1022
1125
2129
2665
1125
643
1078
1125
1125
1351
1664
2080
203
1125
1125
386
1022
1125
1315
2421
2796
80
689
1894
1125
128
207
935
1125
2080
2695
2759
1057
1078
1125
521
1125
238
1022
2012
2401
1125
2524
1128
2298
2767
369
1125
2080
628
1125
1819
80
1125
1316
640
1125
2454
237
1022
1078
1125
2080
1125
2088
2421
2796
339
623
1125
1125
1945
2417
1445
2963
1125
203
1125
2080
80
1022
1509
1894
2151
1125
1078
1125
1589
58
972
1125
1913
2129
1125
2771
935
2080
2695
643
458
1125
2885
1022
1125
1838
128
1125
80
2421
2796
1125
2363
2080
1057
1078
1125
183
386
2071
1125
1098
1022
1125
2401
689
1125
1099
1125
2080
1067
1125
404
80
1125
1894
1064
1078
1125
203
238
1022
2012
1125
2080
1868
1125
1423
1125
2101
2421
2796
1125
1125
935
1022
2080
2695
1125
80
43
1078
1125
755
1125
474
1113
1125
1409
2524
392
1125
2080
2664
1022
1125
2129
128
1125
2665
628
643
1125
80
1509
1894
1057
1078
1125
2080
2421
2429
2796
1125
1125
237
564
1022
2401
203
1125
1913
1984
1125
947
2080
386
623
1125
1125
1945
2417
80
257
689
1078
1125
2131
1022
1125
713
935
1125
2080
2695
2363
1125
2759
1125
183
2071
1323
2421
2796
521
1125
238
972
1022
1125
2012
1373
2080
1078
1125
2767
80
1894
2771
369
1093
1125
458
1125
2189
1125
1545
1819
2080
2858
1125
128
1022
874
640
1125
203
1125
2454
1057
1078
1125
2129
2998
80
1125
2080
1125
2088
2421
2796
643
1022
2401
1125
1125
1125
2963
935
2080
2695
1167
2042
1125
2443
1078
1125
2048
80
1022
1125
1509
1894
1692
1125
386
2080
2698
1125
2524
1125
689
1567
58
1125
1481
1913
1517
1125
1022
2101
2421
2796
628
1028
1078
1125
2080
1125
80
203
248
1125
1180
1125
1881
128
1125
2080
237
238
1022
2012
1125
1952
517
755
1125
1133
2363
550
1057
1078
1125
183
623
1125
2071
80
392
935
1448
1894
2080
2695
1125
1482
1781
1945
2417
1022
1125
1772
2129
2401
2421
2796
1125
1031
2665
421
1125
643
1125
2080
1078
1125
2079
1125
872
1022
80
1125
1351
1664
1064
1125
720
1015
1349
2080
203
972
1125
2030
1125
2771
1125
1868
386
1022
1078
1125
458
2080
447
1125
1315
1480
2421
2796
1125
80
689
1509
1894
1125
128
207
1125
282
935
1022
1125
2080
2695
1125
2759
1057
1078
1125
1913
1125
2498
379
521
1125
2080
80
1113
1125
1409
238
1022
2012
2401
1125
2524
2251
1128
2298
2767
1125
2421
2796
369
1125
2129
203
991
2080
1078
1125
628
1125
1022
1819
643
1125
516
2363
80
1125
1894
1316
1125
2080
640
183
2071
436
1125
2454
1125
237
564
1022
1078
1125
1173
1125
935
2080
2695
1125
2088
2101
2421
2796
947
1125
80
128
339
386
623
1125
1125
1022
2080
1125
1945
2417
1445
2963
257
689
1057
1078
1125
1125
1125
203
713
1125
2080
2579
80
1022
1509
1894
2151
2401
755
1125
1125
1125
879
1078
1125
2421
2796
392
2080
1589
1125
58
238
972
1022
1125
1913
2012
2129
1125
2665
80
1125
2771
935
2080
2695
1125
643
458
1125
2885
2897
1078
1125
1022
1125
1545
2617
1838
1125
2080
2858
128
1125
1602
1125
80
1894
2421
2796
2524
203
1125
2283
1022
2363
1125
2080
1057
1078
1125
1616
197
1125
183
386
2071
1125
628
1098
1125
2080
1022
1125
2401
80
689
1125
78
506
751
1125
1078
1125
818
1099
935
1125
2080
2695
2421
2796
1125
237
374
1022
2759
1067
1125
404
1125
2048
80
1125
1509
1894
2129
2080
521
1125
1064
623
1078
1125
203
238
1022
2012
1125
643
1125
1945
2417
2767
128
2080
1125
593
1868
369
1125
1481
1913
286
1125
80
1423
1022
1125
2101
2421
2796
1057
1078
1125
2080
1505
1819
1125
248
1125
2612
1125
640
1125
935
1022
1370
2080
2401
2695
1125
1881
2454
80
386
1894
1125
43
972
1078
1125
1875
1125
2080
517
755
1125
2363
689
2771
1022
550
1125
203
474
2088
2421
2796
1113
1125
1409
458
183
1125
2071
2519
2524
80
392
1125
2080
1078
1125
2664
1022
1125
2129
2963
1125
128
1125
2665
2080
2787
628
1125
2564
643
1125
1493
1125
80
238
1022
1509
1894
2012
46
890
1057
1078
1125
935
2080
2421
2429
2695
2796
1125
1125
1125
1351
1664
1125
237
564
1022
2401
1125
2080
2790
58
203
1125
1913
80
1984
1078
1125
1164
1125
947
1125
2080
386
623
1022
1125
2657
885
2641
1125
1125
1315
2421
2796
1945
2417
1125
2080
80
257
689
1078
1125
1894
2131
1125
1542
1022
128
207
1125
913
1125
1449
713
935
1125
2080
2129
2313
2695
1125
2363
1125
2759
1022
1057
1078
1125
80
1125
643
2080
183
203
2071
1125
1947
1323
2101
2421
2796
2948
521
1125
1125
238
972
1022
1125
2012
2401
1373
2080
1125
2524
2517
1078
1125
1128
2298
2767
322
80
1509
1894
2771
1125
369
1093
1125
1125
2080
458
1022
1125
628
1125
2189
2000
1125
1231
1545
1819
2421
2796
755
1078
1125
386
935
2080
2695
2858
80
1125
1913
128
1022
1125
1316
874
1064
640
1125
1125
203
2373
2518
392
689
2080
1125
2454
1125
237
1022
1057
1078
1125
2129
2998
1293
1868
1125
80
1894
1125
2080
2665
1125
1570
1125
2088
2421
2796
1815
643
339
1125
1022
2401
2946
387
623
1125
1575
2080
1078
1125
1125
80
2363
1125
1945
2417
1125
1445
2963
238
935
1022
2012
2080
2695
1125
1167
2042
2287
1125
183
2071
2443
1125
203
1078
1125
2048
1125
2080
128
2421
2796
80
1022
1125
1509
1894
2151
996
1692
1125
1125
386
1113
1125
1409
2080
2698
382
1125
2524
1057
1078
1125
1022
2098
1125
1589
1041
1125
80
689
1567
2080
58
972
1125
1481
1913
2129
1125
129
1517
1125
1022
2101
2401
2421
2796
1125
2771
628
1856
935
1028
1078
1125
2080
2695
643
1125
458
1125
2885
2759
80
203
248
1894
1125
1022
1125
2080
1180
1125
1125
1838
1881
521
1078
1125
128
1125
2080
1125
237
238
564
1022
2012
80
1125
2421
2796
1952
1125
2767
517
755
1125
1133
2363
1125
2080
550
369
1057
1078
1125
947
1022
1125
183
386
623
1125
2071
1125
80
392
935
1448
1509
1894
2080
2695
1098
1125
1482
1819
2639
1125
203
556
1781
1945
2417
1022
1125
1772
2129
2381
2401
257
689
1078
1125
1704
2421
2796
2080
1125
1031
2665
1125
421
640
1125
2338
80
1099
1125
643
1022
2454
713
1125
1913
2080
1125
1078
1125
2524
128
2079
1067
1125
404
1125
2080
2742
872
1022
660
1125
80
1125
1351
1664
1894
2088
2421
2796
1125
1064
1125
2125
720
935
1015
1349
2080
2695
1057
1078
1125
628
203
238
972
1022
1125
2012
2030
1125
1125
1125
2080
80
863
2771
2963
1125
1868
2739
1125
386
1022
2401
1078
1125
458
1125
1423
2080
2363
447
1125
1315
1480
2101
2129
2421
2796
1125
371
1125
1545
80
237
689
1022
1509
1894
1125
183
2071
2080
2858
1125
1078
1125
128
207
643
1306
1125
1825
1125
170
282
935
1022
1125
2080
2695
203
1125
1883
80
623
1125
1917
2759
43
1125
1335
1720
2421
2796
58
1057
1078
1125
1913
2080
1125
1022
1945
2417
1125
2498
755
1125
379
521
1125
1279
592
2080
474
1125
80
1894
1113
1125
1409
238
1022
2012
2401
1078
1125
1125
2524
2251
392
1125
2055
2080
1128
2298
2767
1125
386
1884
2421
2796
2967
1125
2664
369
1022
1125
2129
2813
889
80
1125
203
935
991
2080
2695
128
1078
1125
1125
2665
628
1125
689
1459
1125
1022
1819
2080
643
1125
2048
516
2363
1125
617
821
80
972
1125
1509
1894
1057
1078
1125
1316
1125
2080
2421
2429
2796
2442
640
1022
1125
183
2071
2771
436
1125
1125
1428
2353
2454
1125
2557
2080
484
1125
80
458
237
564
1022
1078
1125
1173
2401
1999
1125
203
413
1125
1179
1481
1913
935
2080
2695
1125
1984
1396
2881
1125
1125
238
1022
2012
2088
2101
2421
2796
947
1125
80
128
339
1894
1078
1125
2080
386
623
663
1125
2129
1125
2563
1125
248
1022
1125
2080
902
1125
1945
2417
531
1125
1445
1766
2791
2963
80
257
689
1057
1078
1125
2131
643
1964
1125
1881
2080
2524
1022
1125
712
1064
2421
2796
933
1125
1125
203
1125
713
935
1125
2080
2579
2695
1078
1125
80
1022
1119
1509
1894
2151
2401
517
755
1125
2363
1125
2759
1868
550
1125
628
2080
1125
1125
2623
879
1022
183
1125
2071
128
1078
1125
1323
2421
2796
80
392
2080
521
1125
1589
2642
1125
2016
1125
58
238
972
1022
1125
1913
2012
2129
1579
1012
1125
1373
2080
386
1125
2845
1057
1078
1125
2767
203
2665
80
1125
1894
2771
163
1125
237
935
1022
2080
2695
369
1093
1125
643
1125
2078
2421
2796
689
185
458
533
1125
2885
961
968
1125
2897
2080
405
1078
1125
1022
2401
1125
2189
80
810
710
1125
1545
1819
2617
1125
1838
1614
623
1125
2080
2858
1125
1351
1664
128
1022
1125
1602
1620
874
1078
1113
1125
1409
2989
640
1125
1945
2080
2417
80
1509
1894
2101
2421
2796
1125
2524
203
1125
2283
1125
2454
1022
2363
2911
1125
2983
935
1301
2080
2695
1125
2547
1057
1078
1125
1616
2129
2998
1125
80
197
1125
183
238
386
1022
2012
2071
1125
2080
140
1125
628
1125
1098
963
1125
1315
1913
2088
2421
2796
643
1078
1125
2080
1022
1125
2401
1125
80
689
1894
1816
1058
1125
78
506
1125
751
2009
2080
1125
128
203
207
755
1125
1022
1078
1125
818
1099
1125
2200
2963
935
972
1125
2080
2695
80
1125
1167
2042
2421
2796
1125
237
374
564
1022
1125
2443
833
2759
1067
1125
392
2080
2771
2022
1057
1078
1125
404
1125
2048
1125
80
803
1022
1125
1509
1894
2129
458
2080
886
1125
1692
2462
1938
947
521
1125
2154
1064
1125
2665
386
623
1078
1125
2363
2421
2796
1125
2080
2698
203
238
1022
2012
2401
1125
836
1125
2524
2856
80
643
2994
1125
1128
1945
2298
2417
2767
864
1125
128
935
2080
2695
1125
183
370
2071
593
1022
1868
257
689
1078
1125
1567
867
58
369
1125
1481
1913
286
1125
2080
1125
1517
80
1423
1894
1125
1022
1125
2101
2421
2796
628
1125
713
984
1028
1057
1078
1125
2080
1505
1819
1125
2798
1125
1593
1125
1022
80
203
248
1125
2080
1125
2612
1316
1125
2129
1078
1125
1180
640
2945
1125
935
1022
1370
1568
2080
2401
2695
1125
2421
2796
1125
1881
2454
2857
624
1125
80
386
1509
1894
128
1125
1939
1563
2086
43
1125
2080
643
237
238
972
1022
1078
1125
1875
2012
1978
1125
1174
1125
1952
1125
1011
2080
517
755
1125
1133
2363
201
80
689
2771
1125
1022
550
1125
203
474
2088
2421
2796
1057
1078
1125
2080
2305
1113
1125
1409
339
1125
1348
458
1376
183
623
1125
1913
2071
2519
1022
2524
1125
80
392
935
1125
1448
1894
2080
2695
1123
1125
1627
1078
1125
1482
1545
2664
1125
1781
1945
2417
2916
2759
1022
1125
1772
2129
2401
2080
2858
1445
2294
2963
1125
1125
2421
2796
596
128
1125
2434
80
1031
1125
2665
2080
2787
421
1078
1125
628
1022
1125
2564
386
723
521
1125
203
2161
643
1125
1125
2080
1493
1125
1466
80
238
1022
1509
1894
2012
2151
1125
46
890
1057
1078
1125
696
1125
2079
935
2080
2101
2176
2421
2429
2695
2796
1125
689
2767
114
1125
2631
872
1022
1125
1125
269
2080
80
369
1125
1351
1664
212
1078
1125
2363
578
1125
1464
1589
2587
1064
1125
237
564
1022
2401
720
1015
1125
1349
2080
2790
1125
128
58
203
972
1125
1913
2030
2129
2421
2796
1125
80
1819
1894
1984
145
183
2071
1078
1125
2080
1022
1164
1125
500
1125
1383
1125
2771
947
1725
1125
1868
2524
935
2080
2695
1125
386
623
1022
1125
2657
643
80
640
1777
1057
1078
1125
1963
885
1100
2641
458
1125
2885
755
1125
2080
447
1125
1315
1480
2421
2796
2454
693
1125
238
1022
1945
2012
2417
2048
1125
2720
1125
2080
2949
80
257
689
1078
1125
1509
1894
2131
203
1838
1944
1125
414
628
1125
1542
1022
2401
1125
1896
392
2080
128
207
1125
1125
913
1125
2061
1449
1078
1125
80
2088
2421
2796
282
713
935
1022
1125
2080
2129
2313
2695
918
1125
2990
1125
2363
1125
1125
2759
2080
2665
2829
1125
1022
1057
1078
1125
1481
1913
407
80
1894
1125
2291
1778
1125
1451
643
2080
1125
183
203
386
2071
1125
1947
2069
2498
2963
237
1022
1323
2101
2421
2796
1125
2948
379
521
1125
1098
1078
1125
1686
2080
80
1125
1113
1125
1409
2978
238
972
1022
1125
2012
2401
1981
128
1125
935
1373
2080
2695
248
689
1125
2524
1125
2251
2517
1078
1125
1128
1774
2298
2767
322
1125
80
1022
1509
1894
2771
2080
623
1125
2421
2796
1125
1663
369
1093
1125
2129
1099
1881
1125
203
991
1125
2080
458
1022
2087
1057
1078
1125
1945
2417
1125
2956
80
734
1125
628
1125
688
2080
2189
1067
1125
2000
1022
1125
1231
1545
1819
2345
404
643
1125
2421
2796
516
517
755
1078
1125
2363
386
935
2080
2695
2858
1125
58
80
1125
1894
1913
550
1125
128
997
1022
2401
1125
1316
874
1125
2080
1064
1434
640
1125
183
1078
1125
2071
436
1125
203
238
1022
2012
2373
2518
1125
80
392
689
2080
1403
2482
1125
2454
2421
2796
1125
243
894
1125
1791
1125
2080
237
564
1022
1057
1078
1125
1173
2129
2998
1125
1922
998
1293
1868
1125
80
1509
1894
1125
653
935
1125
2080
2695
941
2665
1125
1022
2524
1125
2281
1423
1570
1078
1125
972
1125
2088
2101
2421
2796
2080
2759
1815
947
1125
643
80
128
339
1125
2121
1022
2401
2946
1125
203
386
387
623
1021
1125
1575
2080
1125
2771
1078
1125
1125
1188
1022
1125
2331
521
1125
2080
2836
80
1270
1894
2363
2993
1125
1913
1945
2417
628
1125
244
458
2421
2796
1125
1445
2963
257
689
1057
1078
1125
1351
1664
238
935
1022
2012
2080
2695
2918
1125
1167
2042
215
1125
446
2287
1125
2129
80
183
471
2071
1125
2443
2080
2767
1125
43
1022
2804
1125
2891
203
1078
1125
668
1125
2048
369
713
1125
2080
2579
128
2421
2796
1125
80
1022
1125
1509
1894
2151
2401
755
1125
996
1692
643
1125
2080
1078
1125
1125
474
1125
237
386
1022
1113
1125
1409
865
935
1819
2080
2695
2698
1125
80
382
1595
879
1125
2039
1125
2524
1057
1078
1125
1315
2421
2796
1022
392
1125
2080
2098
1125
1589
203
1125
1041
1125
2664
80
689
1567
1894
327
1125
640
2080
58
238
972
1022
1125
1481
1913
2012
2129
2363
1078
1125
891
623
1125
129
1517
1125
128
207
1283
2080
2454
1125
1125
1513
2665
1022
2101
2401
2421
2796
80
1125
2771
628
1856
1125
935
1028
1078
1125
2080
2695
183
1945
2071
2417
1125
1064
643
1125
1022
1125
2404
458
1125
2885
2080
2759
1125
80
