11
4
3
26
14
1
0
5
10
50
100
0
0
2
1
1
2
0
3
4
2
1
1
8
4
12
8
9
17
6
7
9
5
15
9
8
14
8
15
7
8
7
13
8
8
11
8
7
9
11
15
11
12
16
13
8
9
17
8
8
16
11
11
29
48
54
88
45
37
49
44
85
23
203
204
185
199
202
175
186
195
205
201
213
210
194
198
194
204
193
207
192
202
191
192
200
208
206
193
201
194
183
203
192
210
189
209
193
179
180
197
178
183
189
184
182
201
177
205
201
195
212
197
185
199
200
185
199
191
190
182
204
211
200
198
198
208
194
196
191
200
181
195
200
175
197
197
189
179
187
193
187
204
198
188
182
177
188
178
186
191
204
192
188
195
207
194
192
185
195
200
199
188
179
195
178
199
195
203
179
184
202
201
200
189
185
186
201
202
211
195
193
195
192
203
205
192
175
209
190
204
186
196
204
195
192
211
202
185
182
183
185
186
187
190
181
202
194
178
200
208
184
205
207
206
183
203
190
204
213
181
189
204
188
193
209
193
200
200
201
196
197
207
178
189
187
206
189
183
192
196
190
215
207
211
212
210
190
189
198
209
180
205
194
200
197
193
200
192
188
191
197
207
187
200
180
193
195
197
196
182
205
184
202
185
196
188
181
187
193
194
187
215
204
217
187
183
192
181
172
198
203
201
182
200
201
193
199
174
189
196
189
193
200
200
191
206
198
201
184
184
206
208
193
184
199
193
211
191
180
211
190
190
212
190
216
204
176
190
187
199
185
205
201
201
183
188
187
194
184
180
181
187
192
203
202
193
189
190
201
188
188
181
196
195
172
190
207
200
182
201
195
189
199
193
193
188
203
199
191
194
185
195
195
190
208
187
183
174
200
191
192
197
182
195
201
183
215
190
204
200
199
194
192
190
174
197
207
205
198
212
196
187
204
205
184
201
183
203
181
195
188
191
187
195
194
205
204
177
199
195
199
186
180
202
205
197
204
187
195
200
179
199
212
192
200
202
188
205
195
192
200
192
201
189
188
172
183
211
191
189
193
187
199
208
207
188
214
199
177
193
188
193
189
185
194
204
194
206
195
203
207
201
186
193
192
189
189
195
179
190
181
211
197
180
216
178
212
184
177
175
194
194
188
184
190
188
200
196
183
199
205
190
190
196
200
178
202
193
186
213
187
187
194
215
202
214
191
178
206
189
183
194
181
200
189
191
189
171
178
196
194
189
197
197
222
181
215
203
210
194
198
204
183
196
215
177
196
195
197
201
188
195
207
206
187
206
208
196
201
205
196
190
10
14
10
13
13
13
10
14
10
15
16
15
15
14
11
14
11
16
9
16
12
12
12
10
15
12
14
13
11
13
10
18
12
12
14
15
11
12
13
15
13
16
9
16
10
13
11
14
12
13
11
11
15
12
13
12
14
13
11
12
12
14
13
11
12
9
10
12
16
12
3
28
28
15
27
29
16
9
33
24
27
8
22
19
18
30
35
12
23
14
12
20
46
28
29
42
29
34
29
12
16
36
28
27
15
13
24
20
34
5
11
13
41
33
28
34
16
17
21
17
24
21
23
21
22
23
24
22
23
23
24
21
24
23
23
23
23
23
22
24
23
23
22
24
23
23
24
23
24
22
23
22
23
23
22
22
22
24
23
24
23
22
22
23
24
22
22
23
22
22
