11
4
3
26
14
0
0
0
1
0
5
10
50
100
0
0
1
2
2
2
1
4
1
1
2
1
12
10
4
10
14
11
12
13
11
11
15
12
13
13
13
8
12
6
12
17
6
13
12
11
11
9
5
6
10
1
10
13
13
5
14
8
17
10
24
14
46
73
49
100
69
69
36
47
62
31
177
190
198
205
202
183
212
207
212
185
196
200
196
205
186
187
218
215
203
189
202
185
197
202
182
183
180
193
194
190
192
200
182
193
192
198
194
199
189
190
185
192
205
194
186
189
208
185
186
182
191
178
181
186
184
186
210
220
194
199
181
214
194
188
204
176
182
208
196
204
192
197
180
207
205
192
209
189
202
188
193
202
209
194
205
178
215
206
205
173
189
193
191
204
190
203
197
206
186
192
202
196
211
195
184
202
204
194
215
200
194
184
219
188
189
190
202
186
207
201
191
199
192
207
187
207
197
194
181
201
194
203
186
200
183
201
204
191
214
200
201
185
190
185
179
207
180
201
195
185
178
193
188
195
191
188
188
212
183
195
190
193
186
216
184
194
191
206
212
198
182
204
201
184
198
198
188
207
190
206
201
211
210
197
175
203
185
197
186
203
175
192
212
206
214
177
201
181
216
193
186
187
187
205
202
209
189
197
198
183
188
183
190
187
212
206
196
206
197
199
213
197
198
197
192
184
197
200
199
189
198
190
204
191
208
180
201
188
191
202
205
187
182
182
196
211
191
210
197
191
180
193
203
211
191
206
186
190
188
206
209
203
188
202
190
200
209
180
199
189
185
177
188
179
197
188
195
189
194
184
196
200
210
185
200
184
216
196
178
197
209
211
185
194
185
191
197
191
201
190
211
185
213
182
198
191
204
206
189
191
207
197
187
183
191
189
187
206
196
205
208
191
179
194
189
190
188
203
189
210
183
215
197
204
210
180
199
198
191
190
191
202
196
194
208
186
194
204
182
179
210
189
180
196
216
192
204
201
194
176
201
196
199
190
202
195
178
187
200
189
201
192
195
187
184
189
201
191
196
207
203
195
213
212
177
189
198
202
199
182
180
195
178
214
194
187
193
205
197
205
192
180
184
198
198
187
195
185
195
196
192
207
193
199
191
202
204
180
198
206
206
205
208
207
199
184
188
191
181
193
196
180
186
216
184
197
201
198
194
212
188
179
190
187
190
198
194
195
193
205
197
196
193
187
205
184
195
189
190
178
202
186
190
206
198
199
211
196
194
206
212
209
210
193
200
187
211
184
180
205
195
194
211
202
201
186
204
197
194
201
209
216
173
198
188
195
193
190
182
190
12
14
17
16
11
15
13
14
17
12
12
14
13
11
12
12
13
12
14
12
14
14
9
10
12
12
11
13
13
11
12
12
13
13
14
12
14
15
12
11
12
15
12
17
14
13
12
14
15
12
15
14
14
13
14
16
10
13
15
10
11
15
11
12
15
12
18
14
13
12
4
6
4
4
3
5
2
1
3
3
7
6
7
2
4
4
3
7
3
5
5
3
4
7
8
2
5
2
8
4
5
4
5
4
4
2
3
5
3
3
3
1
2
4
5
6
3
4
5
6
10
28
18
31
16
14
13
10
14
13
9
10
18
28
19
35
16
20
28
39
11
27
11
33
22
33
16
10
28
28
18
24
10
29
30
36
26
10
15
11
10
41
41
31
8
17
22
15
34
17
24
24
24
23
22
23
22
22
25
24
23
25
23
23
22
22
24
22
23
22
25
24
23
24
23
23
23
22
22
24
24
23
23
21
22
23
22
23
24
23
23
24
23
23
22
23
22
24
24
23
